49
201714030101 秦浩 83 69 84
201714030102 吴智胜 85 85 82
201714030103 张泽钰 78 78 71
201714030104 曲俸磊 82 81 88
201714030105 刘V维 80 78 79
201714030106 孙思寒 95 85 83
201714030107 陈仪 80 80 86
201714030108 韩德志 86 72 77
201714030109 王宗耀 65 60 61
201714030110 张楠 63 61 42
201714030111 张胜男 93 86 92
201714030112 陈文杰 69 60 67
201714030113 付瑶瑶 90 80 73
201714030114 逄奥 89 78 86
201714030115 邹新依 90 70 78
201714030116 毛懋好 84 83 87
201714030117 王家琦 88 69 72
201714030118 王方正 87 61 79
201714030119 郭龙 89 77 87
201714030120 吕燕玲 87 83 84
201714030121 吴燕杰 90 78 64
201714030122 张吉美 92 80 84
201714030123 张维童 86 74 81
201714030124 王新高 91 82 89
201714030125 孟宇 89 88 78
201714030126 马正鑫 82 78 79
201714030127 王郭尤旺 79 77 75
201714030128 艾文育 91 71 79
201714030129 修方睿 86 71 93
201714030130 侯欣玮 90 77 77
201714030131 高欣欣 88 82 94
201714030132 车荣昊 76 63 63
201714030133 周逢玺 81 83 84
201714030134 孔旭东 72 67 90
201714030135 冯国豪 60 61 52
201714030136 李昕雨 79 84 88
201714030137 朱艺灵 75 50 62
201714030138 罗秋琪 84 72 89
201714030140 冯毓 71 68 61
201714030141 刘敏君 75 76 80
201714030142 李淑君 79 73 79
201714030143 黄衡 72 70 72
201714030144 刘怡萍 69 65 79
201714030145 梁美玲 83 81 83
201714030146 黄彦静 85 79 83
201714030147 张 91 79 71
201714030148 左娜 69 73 74
201714030149 任智怡 79 73 55
201714030150 徐幸洁 83 73 79
